function ANN = ANN_loader_pressure()

%Test error: 0.08265
%Train error: 0.0822

% network properties
%features = ["Oxygen", "Glucose", "pH", "Neighbors"]; % Age eventually out
%p = 3; %features taken
%U1 = 5; % nodes hidden layer
%U2 = 3;  % nodes output


W1 = [-0.00284780652155058,471.621223494269,-0.110230148627606,0.0237763934287152;-1.10161322942489,-0.392930532425212,0.0989211040276545,45.1417762523250;70.9820978700701,-1.79436028523843,2.16161587471725,1.05179275781802;-287.639282357648,0.460766131859280,-0.578083572719568,-0.285730510335419;-0.0523706961099577,0.0149376438016494,459.928374999882,0.0343179035327361];
W2 = [193.341681629322,-135.332932932873,-74.6552044459871,-250.407703579211,205.111843158315;57.4760794536430,51.4998306253447,-17.0416054808403,-73.9001686177863,59.9950612506369;-199.393870485941,-1.06727854260992,77.1198204695108,258.362702956874,-211.546179329341;0,0,0,0,0];
b1 = [-0.195151809567488;-42.0637115913789;49.7084281491224;-201.014812098903;-23.1014986877789];
b2 = [-215.045905472075;-116.575517559587;221.657739149082;0];

ANN = {W1, b1, W2, b2};

end