function ANN = ANN_loader()

% Best of gen 500
%Test error: 0.08265
%Train error: 0.0822
%mut_prob = 0.5; %0.01 used in real script 
%mut_std = 0.5; % standard deviation of mutations, 0.25 used in real

% network properties
%features = ["Oxygen", "Glucose", "Neighbors"]; % Age eventually out
%p = 3; %features taken
%U1 = 5; % nodes hidden layer
%U2 = 3;  % nodes output



W1 = [-0.245385172375975,6.29488311817084,-1151.96673702937,-0.0117448080314887;873.063864155457,-6.36707158266343,-0.512322580787505,0.241160441750171;-0.000497693613673314,6.16399952049450,-5.42320631885948e-06,0.000447238617879741;0.197013317273778,-1.99056884228608,0.272770363186273,25.1062083904881;0.396555436757809,0.732927465802273,8.07872336469277,-0.562740979137427];
    

W2 = [-676.522115717661,674.025326294520,1304.58024922954,-696.169072630330,-650.375857612631;-332.590118915841,340.394480436546,652.283514973273,342.789425255408,-495.330755925541;730.570274285979,-727.799023991299,-1409.10748326077,0.954498885054686,704.323992525277];

b1 = [421.413660497561;612.572424472407;-0.0628871662032670;-19.7299552527892;21.5985645708314];

b2 = [-655.186411018931;-503.149354476912;705.738568174653];

ANN = {W1, b1, W2, b2};

end