function ANN = ANN_loader_met()

% Best of gen 500
%Test error: 0.08265
%Train error: 0.0822
%mut_prob = 0.5; %0.01 used in real script 
%mut_std = 0.5; % standard deviation of mutations, 0.25 used in real

% network properties
%features = ["Oxygen", "Glucose", "Neighbors"]; % Age eventually out
%p = 3; %features taken
%U1 = 5; % nodes hidden layer
%U2 = 3;  % nodes output


W1 = [0.0211230655631561,577.708220451589,0.0589031134544431,0.0798226909627672;5.08187259887527,-1.33988764487457,-0.173957020805142,33.7810152683286;103.400088688173,0.998175511236690,1.49745933600114,0.179335945379900;-256.322594023331,-0.287246810555764,-0.440440617735096,-0.0643281938287103;-0.0275322526247168,0.0141651110485006,348.883627362659,0.0127801506013490];
W2 = [131.252719332079,-89.8138597961853,-65.6185592798471,-219.119860984388,194.109716013540;55.5307786673995,39.8623675269910,-24.4400192046236,-82.5551404466097,86.8397039163539;-132.248121921745,1.44715078426352,65.9337931758641,220.742986621451,-195.903887948714;0,0,0,0,0];
b1 = [-0.128772929565374;-27.3010003449304;70.7625121313668;-179.123324725425;-127.290269249115];
b2 = [-191.951511930505;-128.761980596961;193.818014436920;0];

ANN = {W1, b1, W2, b2};

end